SYMBOL	s_629	s_784	s_951	s_626	s_783	s_957	s_627	s_781	s_948
BNIPL	0.157561966	0.165868018	0.302051913	0.211537158	0.224848911	0.119706295	0.153384236	0.131766431	0.100725152
C19orf26	0.696297545	0.509110028	0.622957537	0.390140984	0.440558314	0.478006872	0.332326141	0.469096329	0.31780026
C1orf95	-0.495295244	-0.422575551	-0.455297394	-0.419759161	-0.476279417	-0.38934185	-0.409473514	-0.425672952	-0.479888675
CAMK2N1	0.167960731	0.21175052	0.177363624	0.093317136	0.272625741	0.264029798	0.339460854	0.11636246	0.159345298
CASC2	0.474380985	0.4466478	0.350133594	0.32653909	0.382987823	0.478362276	0.440471922	0.411756374	0.412896126
CITED1	-0.042907233	-0.028342649	-0.165732479	-0.108647267	-0.162118577	-0.043591863	-0.167048109	-0.128141383	-0.109278266
DCDC2	0.048603064	0.122471292	0.117980956	0.01356051	-0.01964039	0.011144481	0.028102517	-0.012564812	-0.038859347
FAM186B	0.296800417	0.216175925	0.069688394	0.07756252	0.07691913	0.152389217	0.056015325	0.137283208	0.208300652
FAM46B	0.144791492	0.079186545	0.251864303	0.16214733	0.217058804	0.069652743	0.140673224	0.151366696	0.126095
FILIP1	0.256190657	0.205766096	0.326155302	0.271870009	0.351276703	0.186395323	0.251306585	0.22232445	0.266816625
FSCN2	-0.01031666	-0.006930189	-0.039121744	-0.117097829	-0.148784203	-0.038412239	-0.141218718	-0.112918814	-0.191099224
GAD1	0.322642354	0.457502046	0.513191025	0.407832681	0.321354782	0.330435922	0.42575944	0.377377647	0.312607529
GALNT8	0.146170391	-0.014429147	-0.091233305	-0.036070147	-0.00369753	-0.010195137	-0.09629293	0.03193399	0.115235755
GLI3	1.299480449	1.161523816	1.236864909	0.899825005	1.023556532	0.964041865	1.051936178	1.066161284	1.050334858
GRPR	0.758142009	0.740471862	0.69999429	0.677699158	0.914166376	0.823178646	0.920387411	0.70159034	0.833055642
GXYLT2	0.439666236	0.369742265	0.323852324	0.168292297	0.35656848	0.297447653	0.404132934	0.285780722	0.39079149
HOXA4	-0.074298728	-0.108526134	-0.058013419	-0.016902435	0.029142037	-0.058856979	-0.078013504	-0.08983057	-0.052344269
IQUB	0.126608323	-0.038245928	-0.141337632	-0.094257291	-0.027548179	-0.010448867	-0.117827314	-0.019682175	0.066310218
ITPKA	-0.223898021	-0.253260605	-0.197017435	-0.252843303	-0.317460569	-0.290078667	-0.351409451	-0.2574296	-0.341054672
KIAA0319	0.301099316	0.425377347	0.416371385	0.314784982	0.361106828	0.305434925	0.587418106	0.41681823	0.481496094
LOC643339	0.555680064	0.642472446	0.512908192	0.478789995	0.632066583	0.591072031	0.718066272	0.477997302	0.648556107
MLXIPL	0.175950456	0.121840176	0.184725011	0.021238441	0.134668381	0.012494131	0.256833733	0.197514073	0.256803487
NLRP6	0.582279409	0.678167281	0.718372656	0.540469611	0.476055046	0.531689552	0.560666059	0.529192752	0.433352871
NXN	0.496371907	0.61393105	0.614236914	0.469016841	0.603466031	0.600321727	0.783692166	0.531683833	0.534522273
OSBP2	0.992716775	0.843182171	0.80448637	0.702511121	0.782854681	0.786529469	0.761444067	0.830635112	0.865656124
PDZD3	0.019305806	-0.06118525	-0.089713523	-0.047315017	-0.005860106	-0.012462144	-0.105473453	-0.066437308	-0.031306997
PHYHIP	0.19717425	0.202445809	0.188203981	0.160235691	0.261473912	0.272313302	0.274691412	0.168181632	0.171584069
PLCXD2	0.325181468	0.251823945	0.179813514	-0.016679114	0.102514908	0.151967929	0.182882018	0.137045519	0.159602929
PPL	0.546330414	0.313734133	0.363414494	0.350106759	0.599302489	0.394238633	0.291849805	0.275250356	0.43063385
PRAME	-0.117788035	-0.076547506	-0.155835356	-0.183796974	-0.210900111	-0.183519987	-0.137213807	-0.151351199	-0.099443473
PTK7	0.285891734	0.202596644	0.102994256	-0.00977257	0.055737329	0.134088911	0.043298193	0.061083385	0.08233419
RAB9B	0.388989614	0.452287411	0.475675045	0.313826339	0.387504195	0.308074953	0.553382545	0.416406891	0.472448498
SLC23A3	-0.032518258	-0.027890653	-0.055169822	0.055957375	0.104756312	0.07100154	0.070094978	0.016668437	0.077702377
SUMO4	0.415666263	0.455030549	0.494691356	0.465751073	0.586164693	0.381583366	0.410748707	0.250970801	0.415891322
TMEM92	0.413889285	0.348700189	0.252373251	0.232996231	0.270598673	0.334939763	0.177088974	0.204675628	0.236661477
VSIG1	0.209319152	0.283329778	0.321262553	0.13622503	0.216621719	0.155121488	0.374998071	0.220590755	0.244158212
WNT10A	-0.286886352	-0.278853255	-0.360499494	-0.344594651	-0.405798237	-0.289336628	-0.403958494	-0.350788006	-0.385603374
ZNF793	0.000494322	0.016536863	0.024219303	-0.034638051	0.027648841	0.10624609	0.168441731	0.090112298	0.00383261
GPLD1	-0.105187265	-0.011454451	-0.159854945	-0.050185942	-0.077790963	-0.035919519	-0.003048417	-0.069176209	0.037352841
GOLGA6B	0.752784295	0.629561272	0.677296776	0.593435995	0.733837593	0.662564241	0.502359723	0.485181148	0.508718997
ACSL6	-0.337438869	-0.368850178	-0.348507482	-0.331947862	-0.354234265	-0.37705501	-0.352247961	-0.298550248	-0.2960722
ADAM20	-0.203186149	-0.110634332	-0.277993131	-0.222517033	-0.303559677	-0.205152526	-0.210653787	-0.222162959	-0.153211312
AGMAT	-0.137704023	-0.122943874	-0.142172045	-0.118954116	-0.06801335	-0.066436184	-0.037327065	-0.10302798	-0.085376975
ALS2CR11	-0.01470145	-0.070381116	-0.119451974	-0.081749227	-0.060800303	0.049907526	-0.034326711	0.00040403	-0.06123294
BMP2	0.090408905	0.129707666	0.303014339	0.212641301	0.141204029	0.016338607	0.194686713	0.226825223	0.178383972
BSN	0.60898707	0.594940063	0.42619125	0.31174158	0.318166119	0.456228511	0.368195666	0.375818134	0.406504555
C16orf71	-0.618254299	-0.631897642	-0.636665594	-0.548298824	-0.614672277	-0.495010427	-0.626764952	-0.546748157	-0.661642056
C6orf25	0.360465732	0.235430801	0.415078997	0.203422357	0.297613433	0.168730967	0.224106511	0.254950366	0.204184636
C9	0.72511454	0.710064329	0.885317381	0.607439897	0.631453032	0.473899675	0.592411501	0.583448577	0.565748882
CCDC114	0.159595677	0.155607624	0.07965864	0.157496049	0.14192668	0.208263085	0.032502558	0.05205998	0.06167256
CCDC65	0.612971922	0.594018049	0.367111827	0.498102708	0.461419303	0.492899288	0.3784968	0.434134079	0.629560315
CCR10	0.605055699	0.590863337	0.555426361	0.493269639	0.514168162	0.542430118	0.476494399	0.469788238	0.476963257
CD40LG	0.134184642	0.084483884	0.130006142	0.01629557	0.097050928	0.102551876	0.19165159	0.160596992	0.109573785
CDH24	0.178683247	0.231985572	0.130567564	0.071419742	0.09403601	0.261432792	0.255296537	0.179377944	0.11339917
CECR7	0.524653632	0.618607626	0.609220751	0.604816564	0.633800892	0.594426759	0.807633683	0.684695361	0.733456369
CHST1	0.029316957	0.049883528	0.101643782	0.155100026	0.303298763	0.235838812	0.235991323	0.067226015	0.082925712
CLIC5	0.61434437	0.429568601	0.429638287	0.249200556	0.359925494	0.399496088	0.37424834	0.448299171	0.408658891
CMTM2	0.619045405	0.455227439	0.454297871	0.282159603	0.311557714	0.337206071	0.263370352	0.397790207	0.373071418
CX3CL1	-0.10106621	-0.189134498	-0.181802451	-0.166297993	-0.134606374	-0.106677358	-0.225269104	-0.168892434	-0.204153496
DNAH7	-0.455904916	-0.53463038	-0.520786416	-0.4746528	-0.516970838	-0.500273909	-0.56232478	-0.441281278	-0.471822171
DNAJB13	0.438021894	0.421474907	0.340709297	0.323651234	0.357593149	0.421386721	0.404180527	0.386785599	0.403757637
DNALI1	0.596539071	0.524324176	0.550452133	0.438458273	0.458192458	0.456975708	0.46173903	0.514219739	0.489308532
DSEL	-0.243709475	-0.260785018	-0.307129159	-0.240422626	-0.320208994	-0.283772228	-0.361504195	-0.264642284	-0.254734909
EDAR	0.09612972	0.10333194	0.154512806	0.019407128	0.251148824	0.186798614	0.359902057	0.120958141	0.134127485
EFCAB5	0.350786533	0.251215335	0.387760336	0.311846588	0.391644615	0.2189579	0.329542981	0.349316151	0.385457865
ELFN2	0.346806135	0.189494584	0.219403806	0.180606596	0.503427715	0.311896433	0.203587354	0.038077786	0.199699846
ERBB3	1.0049284	0.722545475	0.740907483	0.516536661	0.712165969	0.671677364	0.545125535	0.631879153	0.65400575
FAM81A	0.272672939	0.070183203	0.095268279	0.049513039	0.13124532	0.066891529	-0.086168078	0.034589377	0.073858091
FBXO43	0.426625042	0.378753888	0.369304908	0.231082169	0.39409579	0.506746564	0.567792397	0.452649929	0.349448135
FMOD	0.758753094	0.565574421	0.526922523	0.261825004	0.341317839	0.340221189	0.287697805	0.401383643	0.441132192
FRMPD3	-0.253024525	-0.100864336	-0.091185028	-0.122752476	-0.08884812	-0.121228244	0.133773276	-0.052291269	-0.029590452
GLT8D2	1.361461332	1.086978177	1.234395425	1.088146514	1.272377549	1.128762132	1.006487357	1.096739477	1.092937646
GLTPD2	-0.111850463	0.031883544	-0.116141215	-0.092505282	-0.166162187	-0.040366798	-0.011238481	-0.081315582	-0.059086212
GNAT2	-0.553902423	-0.570110373	-0.606337751	-0.511758817	-0.553128163	-0.461092678	-0.562811917	-0.505234621	-0.561042727
GPR135	-0.40758473	-0.348281732	-0.428379306	-0.301337086	-0.403124311	-0.318378999	-0.417588604	-0.375104378	-0.379752116
GPR156	0.336525562	0.390921175	0.485648898	0.349723291	0.405874813	0.393171483	0.545972402	0.435425266	0.353400873
GPR22	0.148537837	0.173549004	0.176586175	0.202413332	0.185791078	0.118777633	0.254173399	0.245784487	0.30976076
HSD17B6	0.777006001	0.82353944	0.755252663	0.576716153	0.544281037	0.501562223	0.521911593	0.50781327	0.618818862
HYMAI	0.36407418	0.301641337	0.648694302	0.234427602	0.319168711	0.203788936	0.340333534	0.318025269	0.086352078
IFNK	-0.489178391	-0.397949012	-0.438957236	-0.383146356	-0.452248494	-0.372437358	-0.402559575	-0.424686818	-0.463489728
IL12RB2	1.087558975	1.053152116	1.194154064	0.954700025	1.122869559	0.935705659	1.14144413	1.007681455	1.053843407
KCNQ4	-0.140590607	-0.200161055	-0.089053506	-0.084615658	-0.067147852	-0.044072498	-0.144518816	-0.102416173	-0.236599077
KCNS1	-0.273020753	-0.230334427	-0.352513	-0.223957354	-0.289311702	-0.194542644	-0.281382984	-0.258714961	-0.231305447
KIR3DL2	-0.598522511	-0.552418433	-0.477891678	-0.48447842	-0.60904846	-0.608642304	-0.608426547	-0.529960585	-0.604893496
KLC3	0.009099136	0.192216048	0.134520883	0.100581279	0.123599036	0.166167363	0.391198256	0.185063586	0.200190425
KLHDC9	0.203761389	0.17365451	0.498394515	0.219821532	0.190178169	-0.075158556	0.19801788	0.257768123	0.198364843
KLRC1	0.279843947	0.147761953	0.242822016	0.162096001	0.290181582	0.218288247	0.244747153	0.248743567	0.225576839
LBX2	-0.216608793	-0.264020411	-0.256443838	-0.212756885	-0.21144072	-0.232124384	-0.340358982	-0.294263528	-0.281156437
LDHAL6A	-0.149268309	0.075820865	-0.131218677	-0.094623056	-0.187269479	-0.006501089	-0.047247459	-0.17969021	-0.153419059
LHFPL4	0.38026399	0.402460532	0.300042913	0.272658049	0.325546179	0.428665975	0.359724458	0.284639786	0.28393761
LRRC17	0.580357429	0.450318882	0.508064483	0.429862688	0.464354639	0.447076274	0.448991271	0.544537867	0.504070632
LRRC8E	0.634366057	0.500311808	0.65369758	0.642748076	0.888044914	0.52905618	0.627897986	0.516655397	0.722258359
LRRTM2	0.789051472	0.733292853	0.530115353	0.403960615	0.58582965	0.61286354	0.544773458	0.418663041	0.594806652
LZTS1	-0.298298019	-0.315486218	-0.241042179	-0.290552992	-0.379095486	-0.388869189	-0.425076139	-0.319345445	-0.384015782
MAPK8IP1	1.162514067	1.017047881	0.858717194	0.722225065	0.874300536	0.933858451	0.825740943	0.819131658	0.91790443
MAST1	-0.269746466	-0.187950803	-0.238034121	-0.253584403	-0.323489503	-0.183962718	-0.27906075	-0.290951313	-0.38039478
MESP1	0.134514661	0.180983851	0.189832891	0.187485938	0.167658698	0.226521563	0.130620679	0.103978729	0.036266824
MFAP4	-0.325389744	-0.213173803	-0.178750941	-0.2725524	-0.347922231	-0.32499193	-0.226117965	-0.262964075	-0.320317238
MT1L	0.550467471	0.568732908	0.837136721	0.392270476	0.502906828	0.321106727	0.630002023	0.501100233	0.414496521
MYBPC2	-0.103218994	-0.20371257	-0.20573634	-0.204184345	-0.148848638	-0.180348442	-0.228357584	-0.183199715	-0.149676141
